[gd_scene load_steps=7 format=3 uid="uid://c82nuwfdxn8ed"]

[ext_resource type="PackedScene" uid="uid://bs72ogkvdd7d6" path="res://addons/proto_controller/proto_controller.tscn" id="1_0ndof"]
[ext_resource type="PackedScene" uid="uid://c3a1kqpuvk6sa" path="res://object/scenes/chest.tscn" id="2_0xm2m"]
[ext_resource type="PackedScene" uid="uid://xe35wil3c21s" path="res://object/scenes/barrel.tscn" id="3_h2yge"]

[sub_resource type="ProceduralSkyMaterial" id="ProceduralSkyMaterial_as7nd"]
sky_horizon_color = Color(0.64625, 0.65575, 0.67075, 1)
ground_horizon_color = Color(0.64625, 0.65575, 0.67075, 1)

[sub_resource type="Sky" id="Sky_n64y3"]
sky_material = SubResource("ProceduralSkyMaterial_as7nd")

[sub_resource type="Environment" id="Environment_evlh3"]
background_mode = 2
sky = SubResource("Sky_n64y3")
tonemap_mode = 2
glow_enabled = true

[node name="Main" type="Node3D"]

[node name="WorldEnvironment" type="WorldEnvironment" parent="."]
environment = SubResource("Environment_evlh3")

[node name="DirectionalLight3D" type="DirectionalLight3D" parent="."]
transform = Transform3D(-0.893372, -0.439337, 0.0941856, -0.0780234, 0.35812, 0.93041, -0.442493, 0.823853, -0.354213, -2.2, 28.8, 3.1)
shadow_enabled = true

[node name="Floor" type="CSGBox3D" parent="."]
transform = Transform3D(1, 0, 0, 0, 1, 0, 0, 0, 1, 12.8513, 0.127283, -0.353068)
use_collision = true
size = Vector3(70.3, 1, 61.2)

[node name="CSGCombiner3D" type="CSGCombiner3D" parent="."]
use_collision = true

[node name="CSGBox3D2" type="CSGBox3D" parent="CSGCombiner3D"]
transform = Transform3D(1, 0, 0, 0, 1, 0, 0, 0, 1, 4.25, 3.51495, -1.7)
size = Vector3(11.3, 6, 1)

[node name="CSGBox3D" type="CSGBox3D" parent="CSGCombiner3D/CSGBox3D2"]
transform = Transform3D(1, 0, 0, 0, 1, 0, 0, 0, 1, -0.124908, -1.30029, 0)
operation = 2
size = Vector3(3.93365, 3.60059, 1)

[node name="CSGBox3D3" type="CSGBox3D" parent="CSGCombiner3D"]
transform = Transform3D(-4.37114e-08, 0, 1, 0, 1, 0, -1, 0, -4.37114e-08, 9.5, 3.41495, 2.9)
size = Vector3(9.8, 5.8, 1)

[node name="CSGCylinder3D" type="CSGCylinder3D" parent="CSGCombiner3D/CSGBox3D3"]
transform = Transform3D(1.91069e-15, -4.37114e-08, -1, -1, -4.37114e-08, 0, -4.37114e-08, 1, -4.37114e-08, -1.7, 0.948025, 0.0999985)
operation = 2
height = 2.8

[node name="CSGCylinder3D2" type="CSGCylinder3D" parent="CSGCombiner3D/CSGBox3D3"]
transform = Transform3D(1.91069e-15, -4.37114e-08, -1, -1, -4.37114e-08, 0, -4.37114e-08, 1, -4.37114e-08, 2.3, 0.748025, 0.699999)
operation = 2
height = 2.8

[node name="CSGBox3D5" type="CSGBox3D" parent="CSGCombiner3D"]
transform = Transform3D(0.0543366, -0.0749862, -0.995703, -0.0245393, 0.996775, -0.0764061, 0.998221, 0.0285855, 0.0523213, -1.41286, 3.33994, 2.84302)
size = Vector3(9.8, 5.9, 1)

[node name="CSGCylinder3D" type="CSGCylinder3D" parent="CSGCombiner3D/CSGBox3D5"]
transform = Transform3D(0.998221, 0.0543366, -0.0245394, 0.0285856, -0.0749862, 0.996775, 0.0523213, -0.995703, -0.076406, 2.3231, 1.18972, 0.0764637)
operation = 2
height = 3.0

[node name="CSGCylinder3D2" type="CSGCylinder3D" parent="CSGCombiner3D/CSGBox3D5"]
transform = Transform3D(0.998221, 0.0543366, -0.0245394, 0.0285856, -0.0749862, 0.996775, 0.0523213, -0.995703, -0.076406, -1.96925, 1.0668, -0.148518)
operation = 2
height = 3.0

[node name="CSGBox3D4" type="CSGBox3D" parent="CSGCombiner3D"]
transform = Transform3D(-1, 0, -8.74228e-08, 0, 1, 0, 8.74228e-08, 0, -1, 4.2, 3.3249, 7.2)
size = Vector3(9.8, 5.9, 1)

[node name="CSGBox3D" type="CSGBox3D" parent="CSGCombiner3D/CSGBox3D4"]
transform = Transform3D(1, 0, 0, 0, 1, 0, 0, 0, 1, -0.5, -1.2, 0)
operation = 2
size = Vector3(2, 3.4, 1)

[node name="CSGBox3D6" type="CSGBox3D" parent="CSGCombiner3D"]
transform = Transform3D(1, 0, 0, 0, 1, 0, 0, 0, 1, -8.7, 1.95, 7.6)
size = Vector3(15.4, 8.3, 1)

[node name="CSGBox3D7" type="CSGBox3D" parent="CSGCombiner3D"]
transform = Transform3D(1, 0, 0, 0, 1, 0, 0, 0, 1, 17.3, 2.95, 7.2)
size = Vector3(15.4, 8.3, 1)

[node name="CSGBox3D9" type="CSGBox3D" parent="CSGCombiner3D"]
transform = Transform3D(-4.37114e-08, 0, -1, 0, 1, 0, 1, 0, -4.37114e-08, 24.1, 3.15, 17.3)
size = Vector3(21.2, 8.3, 1)

[node name="CSGBox3D10" type="CSGBox3D" parent="CSGCombiner3D"]
transform = Transform3D(-4.37114e-08, 0, -1, 0, 1, 0, 1, 0, -4.37114e-08, -15.9, 3.95, 17.9)
size = Vector3(21.2, 8.3, 1)

[node name="CSGBox3D8" type="CSGBox3D" parent="CSGCombiner3D"]
transform = Transform3D(1, 0, 0, 0, 1, 0, 0, 0, 1, 4.3, 4.25, 26.2)
size = Vector3(44.4, 8.3, 1)

[node name="CSGSphere3D" type="CSGSphere3D" parent="CSGCombiner3D"]
transform = Transform3D(1, 0, 0, 0, 1, 0, 0, 0, 1, 14.124, 8.2244, 16.8779)
radius = 2.16998

[node name="CSGCylinder3D" type="CSGCylinder3D" parent="CSGCombiner3D"]
transform = Transform3D(1, 0, 0, 0, 1, 0, 0, 0, 1, -10.2, 0.9, 13.4)
radius = 0.6
height = 6.0

[node name="ProtoController" parent="." instance=ExtResource("1_0ndof")]
transform = Transform3D(-1, 0, -1.19209e-07, 0, 1, 0, 1.19209e-07, 0, -1, -3.5, 2.4, 15.4)

[node name="Chest" parent="." instance=ExtResource("2_0xm2m")]
transform = Transform3D(-1, 0, -8.74228e-08, 0, 1, 0, 8.74228e-08, 0, -1, -2.7, 0.5, 20.1)

[node name="Barrel" parent="." instance=ExtResource("3_h2yge")]
transform = Transform3D(1, 0, 0, 0, 1, 0, 0, 0, 1, -1.6, 3.07, 20.5)
